docs/quizzes/lesson-4/grammar-mini.html
  s_b257697bf72606::t_59332211b0af57 79,96,153,170,231,252,308,313,317,321,325,330,334,338,342
  s_b257697bf72606::t_4896dacdb788f9 21,30,34,43,47,55,67,71,84,103,112,129,144,174,185,190,202,219,248,267,276,284,289,297,301,349,362,371,375,383,390,395,403,416
.agents/skills/sgbs-quiz-authoring/SKILL.md
  s_b257697bf72606::t_4d16a33e575f0e 220-222
docs/quizzes/lesson-4/wordstudy-mini.html
  s_b257697bf72606::t_59332211b0af57 30,47,75,92,144,190,207,226,231,235,239,243,248,252,256,260,284,301,395,412
  s_b257697bf72606::t_4896dacdb788f9 21,26,43,96,112,120,125,137,149,161,170,178,202,219,289,308,334,354,403,420
docs/quizzes/lesson-4/reflect.html
  s_b257697bf72606::t_e6503db86556f0 225
  s_b257697bf72606::t_4896dacdb788f9 25,29,37,42,46,54,61,70,74,78,87,91,95,107,115,119,124,128,132,136,148,152,156,160,165,169,173,177,184,189,197,206,210,214,218,230,238,255,259,271,275,279,288,292,296,300,312,320,324,329,333,337,341,348,353,361,365,370,378,382,389,394,402,411,415,423
  s_b257697bf72606::t_123e304f880c38 66,83,111,234,251,357,374,398
  s_b257697bf72606::t_59332211b0af57 50,102,143,193,247,307,419
docs/class-notes/lesson-4-argumentation.md
  s_b257697bf72606::t_59332211b0af57 81,347
  s_b257697bf72606::t_d72ebb2c6672cd 48,54,66,71,76,87,96,106,124,210,222,227,232,237,242,301,341,362,367,369-370,374-375,381,391,442,474,479,481-482,486-487,497
docs/quizzes/lesson-4/review.html
  s_b257697bf72606::t_4896dacdb788f9 21,43,51,92,116,149,153,157,170,190,226,252,284,325,338,342,349
  s_b257697bf72606::t_59332211b0af57 62,103,108,112,120,125,129,137,194,198,202,211,215,219,308,399,403,407,416,420,424
---
{
  "schema_version": "authorship/3.0.0",
  "git_ai_version": "1.7.4",
  "base_commit_sha": "70c38dbf94fca3ecd96738581515c144feebd23e",
  "prompts": {},
  "sessions": {
    "s_b257697bf72606": {
      "agent_id": {
        "tool": "pi",
        "id": "01a10856-2594-76f7-ab0c-3b7022afdf23",
        "model": "glm-5.3-flash"
      },
      "human_author": "Eric Ma <ericmajinglong@gmail.com>"
    }
  }
}